image: 3d_bag1.pgm
resolution: 0.020000
origin: [-8.932366, -5.748724, 0.000000]
negate: 0
occupied_thresh: 0.65
free_thresh: 0.196

