image: map_raw/map_3D_1.pmg.pgm
resolution: 0.030000
origin: [-8.920567, -5.706094, 0.000000]
negate: 0
occupied_thresh: 0.65
free_thresh: 0.196

