image: test2d1.pgm
resolution: 0.020000
origin: [-9.009501, -6.125194, 0.000000]
negate: 0
occupied_thresh: 0.65
free_thresh: 0.196

