image: 2d_bag2.pgm
resolution: 0.020000
origin: [-8.831695, -5.333526, 0.000000]
negate: 0
occupied_thresh: 0.65
free_thresh: 0.196

