image: 3d_bag1.pgm
resolution: 0.020000
origin: [-9.251577, -5.591989, 0.000000]
negate: 0
occupied_thresh: 0.65
free_thresh: 0.196

