image: 2d_bag1.pgm
resolution: 0.040000
origin: [-9.147595, -6.219670, 0.000000]
negate: 0
occupied_thresh: 0.65
free_thresh: 0.196

