image: 3d_bag2.pgm
resolution: 0.040000
origin: [-9.612393, -4.696988, 0.000000]
negate: 0
occupied_thresh: 0.65
free_thresh: 0.196

