image: map_raw/map_3D_2.pgm
resolution: 0.030000
origin: [-8.838770, -5.655336, 0.000000]
negate: 0
occupied_thresh: 0.65
free_thresh: 0.196

