image: map_raw/map_3D_3.pgm
resolution: 0.050000
origin: [-9.381300, -5.176254, 0.000000]
negate: 0
occupied_thresh: 0.65
free_thresh: 0.196

