image: 3d_bag1.pgm
resolution: 0.040000
origin: [-9.066786, -5.548907, 0.000000]
negate: 0
occupied_thresh: 0.65
free_thresh: 0.196

