image: 3d_bag2.pgm
resolution: 0.010000
origin: [-9.399971, -4.985770, 0.000000]
negate: 0
occupied_thresh: 0.65
free_thresh: 0.196

