image: 2d_bag2.pgm
resolution: 0.020000
origin: [-8.931999, -6.299713, 0.000000]
negate: 0
occupied_thresh: 0.65
free_thresh: 0.196

