image: 2d_bag2.pgm
resolution: 0.010000
origin: [-8.720458, -5.548238, 0.000000]
negate: 0
occupied_thresh: 0.65
free_thresh: 0.196

