image: 2d_bag1.pgm
resolution: 0.010000
origin: [-9.205424, -6.356476, 0.000000]
negate: 0
occupied_thresh: 0.65
free_thresh: 0.196

